{"nbformat":4,"nbformat_minor":0,"metadata":{"colab":{"provenance":[],"authorship_tag":"ABX9TyN2rAyAwIxefv6KnaNU81t6"},"kernelspec":{"name":"python3","display_name":"Python 3"},"language_info":{"name":"python"}},"cells":[{"cell_type":"code","execution_count":18,"metadata":{"colab":{"base_uri":"https://localhost:8080/"},"id":"ZY3pcfJrkXlQ","executionInfo":{"status":"ok","timestamp":1678073132240,"user_tz":300,"elapsed":322,"user":{"displayName":"Andres Candido","userId":"01825009877090973746"}},"outputId":"84d8029d-9e02-4e5a-cb4e-e0f295358467"},"outputs":[{"output_type":"stream","name":"stdout","text":["[0. 0. 0. 0. 1. 0. 0. 0. 0. 0.]\n","[10 11 12 13 14 15 16 17 18 19 20 21 22 23 24 25 26 27 28 29 30 31 32 33\n"," 34 35 36 37 38 39 40 41 42 43 44 45 46 47 48 49]\n","[49 48 47 46 45 44 43 42 41 40 39 38 37 36 35 34 33 32 31 30 29 28 27 26\n"," 25 24 23 22 21 20 19 18 17 16 15 14 13 12 11 10]\n","[[0 1 2]\n"," [3 4 5]\n"," [6 7 8]]\n","[0.35513541 0.93238022 0.08273613 0.01274628 0.03979183 0.6969824\n"," 0.39765873 0.36784253 0.45995344 0.8070204  0.25208736 0.77042242\n"," 0.14406647 0.51922018 0.63719887 0.68528098 0.20237666 0.89013791\n"," 0.38298813 0.92494869 0.6986445  0.91112987 0.968292   0.26460481\n"," 0.142209   0.68686368 0.13058869 0.71356995 0.71080379 0.61324524]\n","0.5133642194050486\n","[[1. 1. 1. 1. 1. 1. 1.]\n"," [1. 0. 0. 0. 0. 0. 1.]\n"," [1. 0. 0. 0. 0. 0. 1.]\n"," [1. 0. 0. 0. 0. 0. 1.]\n"," [1. 0. 0. 0. 0. 0. 1.]\n"," [1. 0. 0. 0. 0. 0. 1.]\n"," [1. 1. 1. 1. 1. 1. 1.]]\n","[ 5 26 23 16 33 39 34  9 43  8]\n","[ 5 26 23 16 33 39 34  9  0  8]\n","[[0. 1. 0. 1. 0. 1. 0. 1.]\n"," [1. 0. 1. 0. 1. 0. 1. 0.]\n"," [0. 1. 0. 1. 0. 1. 0. 1.]\n"," [1. 0. 1. 0. 1. 0. 1. 0.]\n"," [0. 1. 0. 1. 0. 1. 0. 1.]\n"," [1. 0. 1. 0. 1. 0. 1. 0.]\n"," [0. 1. 0. 1. 0. 1. 0. 1.]\n"," [1. 0. 1. 0. 1. 0. 1. 0.]]\n","[[0.         0.22127684 0.51840286 ... 0.77892752 0.62414406 0.27989389]\n"," [0.22127684 0.         0.48856841 ... 0.68830713 0.54752546 0.41756139]\n"," [0.51840286 0.48856841 0.         ... 1.17162668 1.03523445 0.36472042]\n"," ...\n"," [0.77892752 0.68830713 1.17162668 ... 0.         0.15616536 1.05597702]\n"," [0.62414406 0.54752546 1.03523445 ... 0.15616536 0.         0.90223698]\n"," [0.27989389 0.41756139 0.36472042 ... 1.05597702 0.90223698 0.        ]]\n"]}],"source":["## Homework 3 by Andres Candido\n","\n","import numpy as np\n","\n","# 1. Create a null vector of size 10 but the fifth value which is 1\n","\n","null_vector = np.zeros(10)\n","null_vector[4] = 1\n","print(null_vector)\n","\n","# 2. Create a vector with values ranging from 10 to 49\n","\n","vector = np.arange(10, 50)\n","print(vector)\n","\n","# 3. Reverse a vector (first element becomes last)\n","\n","reverse_vector = vector[::-1]\n","print(reverse_vector)\n","\n","# 4. Create a 3x3 matrix with values ranging from 0 to 8\n","\n","matrix = np.arange(9).reshape(3, 3)\n","print(matrix)\n","\n","# 5. Create a random vector of size 30 and find the mean value [use uniform random numbers between 0.0 and 1.0]\n","\n","vector = np.random.uniform(0.0, 1.0, 30)\n","mean_value = np.mean(vector)\n","print(vector)\n","print(mean_value)\n","\n","# 6. Create a 2d array with 1 on the border and 0 inside\n","\n","array = np.zeros((7, 7))\n","# Set the border values to 1\n","array[0, :] = 1\n","array[-1, :] = 1\n","array[:, 0] = 1\n","array[:, -1] = 1\n","print(array)\n","\n","# 7. Create random vector of size 10 and replace the maximum value by 0. [use uniform integer random numbers between 0 and 50]\n","\n","vector2 = np.random.randint(0, 50, 10)\n","print(vector2)\n","# Find the index of the maximum value in the vector\n","max_index = np.argmax(vector2)\n","# Replace the maximum value with 0\n","np.put(vector2, max_index, 0)\n","print(vector2)\n","\n","# 8. Create an array with a checkerboard pattern of 0 and 1 of size 8x8\n","\n","array2 = np.ones((8, 8))\n","# Set every other value to 0\n","array2[::2, ::2] = 0\n","array2[1::2, 1::2] = 0\n","print(array2)\n","\n","# 9. Consider a random vector with shape (100,2) representing coordinates, find point by point distances (using L2-norm) [use uniform random numbers between 0.0 and 1.0]\n","\n","# Create a random vector with shape (100, 2)\n","vector = np.random.rand(100, 2)\n","# Calculate pairwise distances between points\n","distances = np.zeros((100, 100))\n","for i in range(100):\n","    for j in range(100):\n","        distances[i, j] = np.linalg.norm(vector[i] - vector[j])\n","print(distances)"]}]}